109 23 159 22 2 21 72 73 126 51 159 159 152 94 96 94 
195 163 104 57 42 195 50 168 147 166 102 39 152 29 43 128 
134 44 47 61 5 91 149 158 42 4 199 116 177 145 129 152 
16 169 144 118 173 125 141 119 10 103 105 171 79 90 138 107 
158 129 20 92 3 27 25 110 126 149 133 159 158 100 153 127 
169 35 139 169 18 46 17 159 58 179 30 112 2 191 84 10 
130 39 116 159 199 96 157 35 41 196 3 176 193 23 197 47 
181 5 35 39 104 54 136 89 160 103 12 114 111 113 162 121 
100 179 61 57 70 108 172 118 158 31 136 21 125 63 132 28 
172 11 95 198 15 7 174 82 147 140 169 109 24 168 198 165 
89 197 28 159 36 45 68 163 192 82 5 59 90 26 170 82 
1 61 77 72 189 158 189 44 94 151 64 40 173 196 139 108 
37 136 107 132 107 85 195 33 65 38 18 188 71 67 114 4 
145 3 152 146 185 67 160 163 75 138 90 138 189 79 32 73 
97 199 90 152 6 176 30 145 15 174 110 6 156 6 183 51 
116 122 178 183 4 9 42 197 19 60 2 80 11 136 72 70 
